0 0.091084 0.527910 0.182168 0.247910
0 0.715435 0.774526 0.263623 0.389033
0 0.815352 0.699897 0.283223 0.315693
0 0.555415 0.635142 0.348213 0.310557
0 0.775327 0.693564 0.418389 0.377930
0 0.380596 0.153022 0.297734 0.306045
0 0.427090 0.358120 0.326797 0.147002
0 0.545610 0.688086 0.308525 0.233496
0 0.232627 0.433394 0.350918 0.301377
0 0.724751 0.662690 0.204951 0.302842
0 0.474272 0.138955 0.421455 0.277910
0 0.687549 0.083257 0.329766 0.166514
0 0.390176 0.282310 0.393125 0.376553
0 0.842686 0.492119 0.312676 0.175254
0 0.131392 0.494019 0.248799 0.285127
0 0.757773 0.085630 0.209180 0.171260
0 0.132461 0.885649 0.264922 0.226748
0 0.323848 0.032046 0.319668 0.064092
0 0.221050 0.257510 0.249521 0.265332
0 0.685664 0.149951 0.275566 0.299902
0 0.888437 0.848906 0.221172 0.300234
0 0.509766 0.245244 0.342344 0.306309
0 0.096094 0.050859 0.192188 0.101719
0 0.560049 0.134395 0.243027 0.268789
0 0.372188 0.322959 0.600059 0.375273
0 0.115269 0.173057 0.230537 0.343203
0 0.884609 0.549189 0.228828 0.279102
0 0.525269 0.327295 0.286865 0.324492
0 0.354648 0.888618 0.270078 0.220811
0 0.246514 0.484512 0.213301 0.338398
0 0.859395 0.155073 0.279258 0.304033
0 0.168906 0.894038 0.337813 0.209971
0 0.771406 0.146563 0.372715 0.122969
0 0.128462 0.164585 0.242705 0.263467
0 0.058774 0.881426 0.117549 0.235195
0 0.834692 0.436074 0.328662 0.194004