0 0.443892 0.807197 0.335908 0.252617
0 0.397202 0.286646 0.330967 0.210693
0 0.234072 0.920977 0.221074 0.156094
0 0.166895 0.375601 0.333789 0.324463
0 0.133677 0.927129 0.267354 0.143789
0 0.586528 0.596465 0.328252 0.391523
0 0.278970 0.973481 0.359795 0.051084
0 0.227827 0.704131 0.360088 0.339551
0 0.564038 0.641284 0.363115 0.220752
0 0.511201 0.221807 0.320176 0.354980
0 0.925376 0.848140 0.147295 0.301768
0 0.762017 0.322822 0.322412 0.343633
0 0.130952 0.417158 0.261904 0.317715
0 0.349399 0.198472 0.338604 0.363037
0 0.366895 0.240176 0.290059 0.327207
0 0.189863 0.777471 0.243262 0.265957
0 0.724341 0.399580 0.398604 0.311660
0 0.334653 0.549375 0.313311 0.302461
0 0.164253 0.695259 0.328506 0.346084
0 0.731396 0.480420 0.217617 0.365898
0 0.472559 0.743599 0.220527 0.328447
0 0.368096 0.910825 0.259180 0.176396
0 0.622061 0.711914 0.294668 0.331797
0 0.076787 0.485322 0.153574 0.232676
0 0.191089 0.879717 0.382178 0.238613
0 0.322808 0.127129 0.365107 0.254258
0 0.139775 0.883613 0.279551 0.230820
0 0.399707 0.160264 0.422852 0.320527
0 0.879229 0.149355 0.239590 0.298711
0 0.515151 0.587075 0.332979 0.333037
0 0.241514 0.868696 0.222090 0.243818
0 0.548174 0.895962 0.312891 0.206123
0 0.919077 0.167871 0.159893 0.234199
0 0.568218 0.680518 0.298193 0.254063
0 0.128491 0.947017 0.249717 0.104014
0 0.775942 0.114258 0.256064 0.228516
0 0.775938 0.330952 0.219219 0.344463