0 0.699424 0.590347 0.278984 0.307295
0 0.166748 0.304980 0.333496 0.285137
0 0.479194 0.074590 0.332979 0.149180
0 0.722476 0.527202 0.389053 0.335264
0 0.677212 0.878525 0.240615 0.240996
0 0.590952 0.175161 0.301572 0.192920
0 0.306646 0.714878 0.268584 0.220127
0 0.371958 0.271582 0.303271 0.360312
0 0.126675 0.831899 0.253350 0.334248
0 0.879639 0.532847 0.238770 0.291826
0 0.108457 0.274033 0.216914 0.296113
0 0.369971 0.152163 0.380703 0.304326
0 0.406479 0.876743 0.244189 0.244561
0 0.684043 0.108472 0.365820 0.216943
0 0.801909 0.251289 0.166709 0.232617
0 0.405718 0.853975 0.326885 0.244180
0 0.187666 0.830146 0.375332 0.337754
0 0.717148 0.146626 0.295996 0.293252
0 0.818086 0.762534 0.257754 0.255244
0 0.820000 0.106890 0.239336 0.213779